299
1 7625 1775
2 8525 3225
3 7975 3075
4 4775 3375
5 3375 1600
6 5175 3475
7 4975 2825
8 3975 3275
9 4125 3300
10 8175 1575
11 5075 3800
12 3475 3750
13 7875 3675
14 6050 3375
15 7925 2875
16 4275 3300
17 8625 2600
18 4725 3525
19 6000 1975
20 2925 2150
21 6375 1575
22 4575 3025
23 3475 1600
24 3875 1775
25 4425 3675
26 8825 2425
27 4175 1950
28 6425 2075
29 4425 2050
30 8075 3775
31 8425 3625
32 7725 3525
33 8375 2600
34 8725 2375
35 7075 3675
36 8775 2825
37 6775 2075
38 3975 2075
39 4275 3025
40 4925 3800
41 2975 1725
42 5075 2575
43 2575 2525
44 6525 1725
45 5075 2075
46 7075 1975
47 7825 2175
48 4675 1950
49 5325 3775
50 5450 3025
51 2925 1875
52 3725 2450
53 4600 2225
54 4325 3725
55 2675 2525
56 5310 1565
57 5175 2675
58 7075 2175
59 8475 2600
60 3975 3375
61 6975 2075
62 5175 2875
63 5175 3300
64 5204 3772
65 3625 3750
66 5450 2825
67 7425 2325
68 7325 3225
69 3875 1900
70 7409 1576
71 7625 1925
72 5425 1825
73 3925 2900
74 5450 2925
75 3900 1625
76 3325 2450
77 7575 2875
78 5075 2775
79 6525 1575
80 8575 3700
81 4560 1565
82 4375 1675
83 8825 2225
84 2925 2425
85 7425 3425
86 7575 3425
87 5375 3525
88 8775 3700
89 8475 3525
90 7075 1575
91 7825 1675
92 7150 3475
93 4175 2625
94 5450 2525
95 5375 3250
96 2375 3675
97 2175 3675
98 4775 1975
99 5025 2675
100 4925 1925
101 4975 2525
102 4875 2675
103 6450 3375
104 8325 3525
105 5275 3250
106 8375 1575
107 5350 2400
108 7575 3075
109 5610 1565
110 7150 3325
111 3700 1600
112 5525 1825
113 8225 3325
114 5175 2475
115 4775 3225
116 7725 1975
117 5975 3750
118 4275 1625
119 3125 3725
120 8775 3125
121 8375 3775
122 7425 3125
123 8225 3425
124 7525 2375
125 4525 3200
126 5250 2400
127 2575 3675
128 2249 2786
129 8125 2975
130 7875 2350
131 4175 3200
132 4425 2150
133 7750 2800
134 7725 1825
135 8675 3800
136 4175 2150
137 4675 3675
138 7750 2650
139 2925 2925
140 7725 3375
141 8820 1928
142 3325 2900
143 6575 3750
144 6575 3525
145 7975 2475
146 2456 1639
147 8125 2575
148 3325 3750
149 7975 2625
150 6875 3325
151 3925 3475
152 6975 3725
153 5675 1825
154 6125 3025
155 8175 3625
156 6775 3425
157 8075 3075
158 2675 3675
159 6825 1925
160 5450 2375
161 2156 1639
162 3825 3650
163 6775 2225
164 2175 2525
165 4775 3675
166 7625 3525
167 4925 3675
168 5908 3574
169 8075 2875
170 2552 2785
171 4775 1725
172 7425 3275
173 5275 3525
174 2148 2786
175 4500 1675
176 3575 1600
177 4675 3400
178 7475 3525
179 4125 2050
180 5160 1565
181 6025 2875
182 5275 1825
183 7875 2775
184 4710 1565
185 8725 2525
186 4425 3200
187 4860 1565
188 4500 3300
189 7825 3125
190 2352 2786
191 8225 2600
192 2375 2525
193 2256 1640
194 8625 3225
195 7150 3750
196 4275 2050
197 2556 1639
198 7875 1575
199 4575 3675
200 7710 1575
201 7975 2975
202 4525 2150
203 8225 2500
204 5025 3450
205 8125 2775
206 6675 3325
207 3925 2450
208 6875 1575
209 4275 2225
210 8775 3025
211 7475 2175
212 4175 2725
213 4775 1875
214 2925 3725
215 5075 3275
216 8275 1575
217 7425 2875
218 6125 2875
219 7975 3275
220 3275 1600
221 5460 1565
222 5025 1825
223 5075 1925
224 7275 2275
225 6025 2075
226 8075 1575
227 4550 1750
228 7475 1975
229 7775 2350
230 7259 1576
231 4975 2025
232 7260 1575
233 3725 2900
234 6675 1925
235 4575 3125
236 4325 3200
237 4275 2325
238 2275 2525
239 5375 3675
240 3225 3750
241 7825 2925
242 4450 1750
243 4275 3125
244 8225 3775
245 4175 2425
246 7575 2075
247 5275 3675
248 5010 1565
249 2925 3198
250 8025 2775
251 6675 1725
252 8775 2925
253 7600 3175
254 7825 3525
255 4525 2050
256 3825 3475
257 4175 2925
258 7425 3025
259 7925 3775
260 2651 2787
261 3875 2075
262 2275 3675
263 4600 2325
264 5175 2325
265 3975 1975
266 7825 3375
267 8825 1625
268 6675 1575
269 4975 3325
270 8475 1575
271 8325 3625
272 3875 3275
273 8703 2197
274 2355 1640
275 4775 2125
276 4175 3400
277 2925 3475
278 7410 1575
279 8075 3675
280 6025 3175
281 7975 1575
282 7711 1575
283 4275 1725
284 5450 2675
285 7560 1576
286 6975 3525
287 8575 3325
288 6375 3750
289 4325 2150
290 4325 3575
291 8825 1825
292 5175 3150
293 2656 1640
294 6200 1975
295 2451 2785
296 4400 3300
297 8575 2450
298 7560 1575
299 8775 3275
