50
1 285 259
2 352 209
3 404 389
4 119 200
5 301 315
6 234 264
7 223 384
8 471 151
9 122 525
10 240 485
11 95 369
12 112 112
13 403 129
14 491 90
15 482 65
16 470 182
17 204 389
18 186 230
19 284 282
20 537 106
21 160 273
22 75 308
23 392 270
24 66 505
25 190 525
26 432 209
27 368 317
28 210 375
29 290 289
30 457 297
31 430 218
32 408 511
33 253 172
34 499 236
35 371 51
36 423 548
37 53 520
38 467 445
39 60 96
40 83 508
41 456 393
42 289 141
43 518 428
44 162 195
45 410 121
46 488 226
47 324 358
48 265 439
49 181 168
50 348 541
51 549 241
52 151 419
53 178 291
54 533 166
55 211 404
56 455 438
57 244 204
58 238 493
59 432 233
60 493 61
61 304 481
62 532 499
63 492 64
64 504 298
65 488 72
66 507 239
67 177 342
68 180 194
69 421 546
70 218 301
71 246 510
72 233 446
73 93 366
74 140 475
75 255 545
76 365 279
77 182 523
78 382 281
79 327 111
80 262 262
81 403 287
82 97 484
83 501 418
84 518 153
85 159 412
86 194 111
87 302 174
88 315 324
89 459 329
90 187 245
91 175 411
92 543 399
93 119 225
94 387 227
95 440 384
96 434 202
97 496 199
98 213 89
99 225 271
100 299 533
101 276 242
102 382 444
103 479 256
104 157 499
105 458 239
106 209 448
107 89 228
108 302 202
109 100 414
110 338 206
111 310 71
112 457 415
113 183 515
114 501 265
115 518 362
116 450 243
117 317 162
118 235 273
119 244 354
120 72 427
121 287 463
122 353 442
123 202 92
124 441 69
125 172 430
126 500 283
127 349 97
128 94 59
129 434 232
130 243 441
131 326 459
132 64 489
133 525 126
134 521 202
135 249 136
136 209 168
137 370 183
138 451 306
139 71 56
140 449 73
141 108 225
142 481 506
143 443 283
144 173 140
145 167 187
146 155 198
147 421 271
148 463 165
149 303 487
150 295 274
151 481 310
152 244 351
153 154 205
154 56 248
155 92 365
156 325 132
157 242 111
158 83 69
159 524 137
160 142 107
161 543 217
162 193 431
163 400 158
164 407 55
165 59 415
166 72 236
167 315 319
168 285 541
169 277 450
170 442 470
171 138 156
172 435 272
173 532 263
174 158 235
175 215 387
176 202 345
177 141 446
178 424 155
179 206 240
180 345 78
181 164 529
182 67 469
183 478 359
184 412 180
185 372 545
186 465 100
187 268 317
188 184 157
189 174 228
190 214 72
191 332 143
192 541 275
193 418 233
194 336 145
195 187 206
196 108 460
197 247 200
198 87 530
199 97 79
200 269 247
201 454 113
202 101 431
203 136 80
204 60 470
205 244 187
206 213 217
207 378 540
208 501 291
209 311 100
210 244 156
211 488 399
212 251 535
213 292 209
214 64 50
215 285 80
216 413 448
217 131 244
218 191 409
219 204 384
220 450 285
221 530 475
222 503 210
223 54 390
224 59 410
225 201 409
226 316 499
227 347 98
228 131 116
229 280 67
230 467 440
231 206 446
232 363 224
233 382 548
234 543 545
235 100 486
236 148 439
237 85 159
238 154 395
239 286 351
240 477 302
241 430 74
242 317 300
243 331 79
244 479 531
245 386 353
246 249 141
247 104 206
248 338 305
249 501 365
250 288 267
251 342 509
252 110 252
253 198 448
254 422 532
255 170 361
256 507 81
257 456 424
258 443 159
259 501 72
260 433 340
261 167 468
262 547 335
263 479 390
264 233 74
265 454 523
266 442 524
267 230 471
268 489 233
269 311 329
270 177 336
271 272 300
272 519 452
273 330 490
274 511 477
275 187 534
276 490 374
277 177 520
278 226 194
279 91 442
280 472 304
281 282 358
282 503 181
283 136 273
284 396 367
285 350 308
286 393 505
287 497 503
288 296 279
289 403 514
290 259 134
291 487 343
292 299 418
293 363 476
294 57 459
295 231 396
296 354 463
297 418 144
298 466 413
299 339 471
300 125 297
301 328 450
302 59 109
303 92 344
304 96 352
305 519 256
306 164 270
307 520 411
308 442 451
309 430 233
310 293 510
311 216 203
312 263 279
313 459 408
314 170 76
315 97 129
316 138 177
317 537 241
318 88 443
319 226 109
320 539 405
321 378 304
322 93 84
323 300 466
324 248 376
325 170 54
326 105 353
327 248 418
328 97 251
329 176 182
330 428 420
331 451 129
332 416 83
333 289 235
334 355 159
335 361 522
336 527 220
337 518 403
338 460 509
339 236 427
340 245 473
341 412 142
342 167 74
343 344 406
344 398 186
345 412 511
346 402 128
347 203 416
348 53 274
349 507 485
350 365 123
351 384 398
352 122 482
353 51 484
354 254 518
355 492 523
356 227 379
357 242 400
358 283 452
359 298 487
360 303 453
361 377 196
362 341 443
363 164 548
364 177 326
365 87 500
366 271 175
367 268 294
368 229 379
369 163 284
370 131 335
371 123 250
372 528 157
373 458 475
374 392 316
375 98 413
376 289 140
377 286 437
378 515 316
379 420 403
380 133 407
381 62 542
382 119 283
383 340 98
384 281 529
385 223 219
386 294 279
387 390 438
388 345 483
389 500 393
390 83 326
391 472 366
392 474 457
393 403 153
394 279 506
395 548 527
396 342 493
397 491 374
398 383 394
399 236 328
400 506 331
401 306 469
402 107 321
403 433 212
404 178 144
405 369 304
406 472 52
407 316 284
408 127 528
409 492 69
410 269 432
411 298 82
412 279 331
413 285 120
414 342 550
415 237 392
416 342 233
417 408 141
418 515 105
419 386 477
420 249 158
421 206 158
422 111 542
423 255 221
424 545 83
425 377 104
426 132 151
427 93 231
428 97 356
429 445 490
430 66 178
431 126 97
432 149 105
433 424 450
434 501 156
435 495 161
436 175 280
437 337 104
438 158 368
439 339 366
440 459 367
441 537 95
442 53 519
443 439 135
444 94 301
445 87 547
446 430 492
447 216 518
448 212 417
449 329 60
450 202 94
451 50 191
452 293 501
453 168 231
454 523 141
455 105 385
456 256 543
457 224 277
458 431 478
459 539 483
460 475 265
461 455 177
462 228 534
463 542 327
464 238 129
465 441 490
466 467 450
467 243 343
468 468 152
469 513 394
470 418 507
471 218 140
472 503 229
473 350 279
474 506 219
475 304 409
476 194 419
477 316 279
478 60 513
479 393 85
480 273 299
481 428 237
482 142 509
483 210 252
484 122 283
485 334 335
486 143 195
487 96 353
488 544 365
489 498 109
490 474 411
491 84 96
492 55 215
493 361 515
494 135 237
495 154 305
496 418 306
497 193 128
498 375 382
499 226 393
500 184 404
